17700
1600
1100
1000
1300
1100
1000
1300
1200
1300
1000
1000
1000
1100
1300
1100
1300
1100
1000
1000
1300
1100
1000
1000
1100
1300
1400
1100
15100
13700
1300
1000
1300
1100
1200
1400
1000
1200
1200
1100
1200
1100
1000
1200
1200
1000
1100
1200
1300
1000
1200
1200
1400
1200
1100
1200
1100
1200
1200
1000
1100
1000
1000
1100
1100
1200
1200
1200
1200
1200
1200
900
1100
1000
1200
1100
1000
1100
1000
2500
1000
1100
1000
1000
1000
1000
1000
1000
1100
1100
1000
1100
1100
1200
1100
1000
1000
1000
1100
1000