287700
248100
289600
246000
244500
245600
244800
273700
244800
245400
242900
248200
243900
245200
245600
247000
244100
247800
333400
334500
274300
245100
272700
245200
272900
244400
273200
274500
244000
273400
243400
316600
252200
252300
251800
303100
252500
251500
252700
250400
253600
251400
303800
349700
425500
681700
267000
264800
314500
262500
382600
491900
264600
298600
269900
285400
313600
263700
247400
244000
247800
242800
264600
256800
246600
245100
246500
244900
247100
245800
248600
244600
246400
244500
532200
267600
314800
254700
298000
252300
312100
300900
273000
254900
295700
1045500
304400
289100
245100
285200
260900
384600
246900
244800
402400
302700
281100
279900
281300
251700