291300
283700
253600
279200
251100
357900
273500
244600
273500
244400
271700
246100
339300
511800
344700
271400
246900
246100
244900
246300
244000
247000
243800
246700
321200
335400
244700
288600
245300
244300
245800
244900
246800
243500
246200
243600
245600
244600
257400
243600
247300
245000
246100
245900
300800
245100
382300
262400
244300
285700
244600
301200
271800
244500
286100
244000
274000
243900
273600
243200
329300
271900
244500
284400
244300
286200
243800
273600
244200
274100
245300
256800
273400
244400
272300
244500
343100
295000
260600
284300
244000
272400
243900
274000
245700
378200
301800
243600
312600
245200
272400
283000
271300
273700
244900
287800
244300
273100
245800
273400