287800
250100
246800
245800
244400
245400
244500
287600
244600
243500
244500
246200
245800
243400
247200
245700
245700
245700
274400
244300
245000
245300
245700
245000
286700
244100
244300
245300
287300
244400
254400
324900
259900
273600
245000
285100
244100
273500
260600
283400
274500
244500
273000
245300
314300
259600
244600
273800
244800
272400
243800
273900
243400
285400
245200
257500
287600
256600
273600
243100
330900
265600
259900
272000
244100
287800
243700
286400
244400
274100
245000
271600
273500
257000
272600
244000
313100
244500
272200
242900
332800
288600
244300
249700
245700
246600
243600
440600
273000
244800
320900
300400
270900
300600
343800
313100
273600
341100
258500
273400