280400
255700
282500
250600
280500
250500
338500
297600
251200
279900
249400
296000
250600
365500
286800
252100
280100
265500
344200
339600
339300
311000
337700
338700
251600
348000
336000
252600
290100
361200
344700
336600
255000
251500
254700
321900
295000
252900
255300
251900
311100
281900
323500
269700
253000
255000
253800
252400
253400
320400
309000
254300
252600
340300
253800
289100
253300
280100
252500
310300
309800
297500
287400
275300
293700
260800
323800
274600
260300
314800
302500
259500
260400
260200
327300
268100
457600
267000
254800
249800
253800
249200
253500
342300
252800
254600
345000
265600
253000
252200
253300
251300
253200
303600
283700
252500
253000
253300
252200
253100