275300
283500
253400
278800
279600
251000
279500
251200
279700
250600
377900
293500
250400
347600
320400
258400
273300
245900
273700
244500
285100
273900
243900
274300
243700
273800
244400
275100
243500
301400
243800
361700
329900
295200
251600
291500
250500
279600
251000
278700
252000
279400
279100
251600
280200
251800
305500
250400
279400
278800
250400
311300
261100
274000
244700
315700
274100
244100
315600
340600
244500
300400
244800
245100
244100
275500
244000
250300
389800
339600
247800
243800
244300
246700
243300
262200
256500
291200
306200
275100
244100
244800
243900
244800
247900
244500
245700
243400
245800
244900
246000
243800
246200
244000
277100
245900
246700
244300
248000
244100