309900
251100
247500
1477800
380200
249400
245400
246500
244900
245400
243400
257300
243900
244900
245800
275400
245500
245500
246400
244200
244100
244400
245700
245100
244500
244600
243500
245700
245700
244100
245200
243600
365300
315100
244500
245700
243900
246000
244600
245400
245000
246400
244300
246200
245200
246700
244400
246100
243800
273000
244000
246800
243000
245900
257300
245100
246200
243600
246000
243100
245500
242900
358100
331700
361000
712800
269500
256300
269700
239800
270200
238900
240300
238300
238700
238300
239500
238300
240100
236600
281300
236700
239500
238700
241300
237900
238700
237300
348500
241700
237800
241300
351800
240700
238800
350400
240900
278600
241600
237900