282000
255100
257900
250900
254600
250900
254000
251200
329500
260200
258100
287600
257900
286300
261700
259400
259700
260300
261600
258400
260000
258800
273200
268600
251600
268900
264100
254700
250700
283400
265500
298700
259900
257800
274100
270800
260400
259000
260200
257900
287500
265400
258800
261000
259400
261000
258500
261100
258600
259500
258300
260700
258700
258100
260800
259500
260900
257500
260000
258000
260400
256600
260600
260400
275800
262200
259300
262000
259000
261100
260000
259900
259900
258400
259300
258600
259600
258500
298200
250500
255100
252300
251900
421000
262000
259700
261900
259200
261600
261000
262500
260900
261700
259900
266100
284700
389200
487600
300800
291800