347000
244000
240500
240200
238100
239700
238100
241500
338900
247200
249000
241800
237700
300000
286500
334000
240100
239500
240500
237800
238700
238400
239400
238400
267100
237700
239200
239000
248600
238000
239300
238200
240800
237300
240100
237000
239500
238200
268100
237700
339700
256700
264400
239900
239100
241200
238000
283700
310400
239700
237600
322100
239000
238000
240300
335200
240500
237600
268300
236800
239900
236900
239700
235900
239700
237900
280600
237900
475800
593800
585500
298700
262700
244000
296300
246200
243700
246400
243300
244600
243400
252200
243500
246700
245100
245600
243100
245400
242800
246400
243400
246200
243300
245800
244400
310500
246200
244200
247600
244000