329100
247600
248500
243900
246300
243700
246500
287100
471600
360600
246500
246300
245900
244100
261300
251900
254400
252100
253500
250700
251300
251100
252500
251300
252800
250500
249700
254500
250200
253100
250200
253200
252000
251900
250700
251700
249900
253500
251300
363100
284400
375100
253300
361700
281300
259400
253600
253700
254300
250600
253000
258300
245500
244100
248500
246400
248500
243800
247100
243300
247000
270800
519100
297600
248700
245200
247100
244900
246800
245700
248100
244100
247700
244300
245200
244200
245900
244400
246200
242900
243500
244800
244200
247200
245500
245800
242800
245600
242900
248000
243700
348700
536900
520000
316300
246000
246200
346900
278000
527000