336100
247800
248200
244200
246500
243900
245800
244100
245600
243900
270700
245800
245500
243300
246800
246800
244000
247500
244700
245600
242600
245900
243600
246200
242300
244900
241900
289200
268900
245700
243900
244800
245000
244900
244200
271600
243600
354500
275000
243900
246500
245100
246500
244500
273900
245500
245800
244200
245200
245400
243600
247100
243000
245400
244300
246300
244600
245400
244200
244800
244200
271800
244100
243400
253500
266400
237200
278900
237800
280900
238800
249400
266500
237900
265200
237900
265600
238000
364300
285800
254700
264700
237300
266100
239300
266200
236700
265500
237000
266600
236900
265600
237200
265900
237200
372900
365300
265400
239600
266700