287800
322700
309300
252600
352600
249200
246700
275500
332800
250100
246500
248000
246400
340600
297200
253600
242500
240500
284500
240600
337100
245800
239700
242000
239700
312600
240100
271800
239300
242300
239900
242000
329000
262200
309500
277200
256000
239900
242400
239400
242300
240500
241600
240300
242400
239800
239700
239600
239300
241900
240100
243400
560000
294900
241500
240800
242900
239400
241400
239500
242100
239300
242500
269900
280600
306600
261900
250700
779800
285900
279600
241500
242700
240000
248100
300000
393100
256000
297000
533300
353600
311000
258900
264500
380400
438500
241400
242300
372600
284300
298600
303200
247400
250400
248700
303500
285100
301900
246300
263800