295500
250700
247800
248100
247900
245700
248100
245500
247600
246800
247500
246400
281000
246100
248200
246600
247600
246700
284900
246800
247200
246100
313400
248200
258400
256900
246000
300100
245800
247800
246300
247500
246100
302700
248600
246400
247600
246200
279000
259300
248100
246300
247600
285100
248800
246600
247600
246300
287100
247700
246700
248400
245200
248300
245600
248300
247200
247400
245600
247500
246000
247200
246500
247700
245900
247600
246300
275500
246500
248600
246100
245700
247700
502500
395700
329000
242800
240000
242300
239400
309000
364200
254300
297900
355600
241800
241000
309000
337000
279900
255000
240300
241600
239600
241500
240000
240800
239600
239800
240500