331500
241600
243300
240200
239800
239100
239900
239000
239600
242300
239400
242200
239800
251000
240000
241900
239400
242100
239600
242300
238900
242400
267100
241600
239400
241400
248000
236100
233300
235600
233600
234900
233300
235000
233900
235700
233100
235400
233900
250200
304400
265400
233300
293200
234100
235600
233400
235600
233300
388400
345000
393300
239300
283100
239300
311400
240900
268300
255400
359500
281600
233700
235900
251400
241300
239900
297700
242700
240500
251400
239700
242400
239600
241600
239900
241400
239700
241500
240100
241200
239400
241400
239500
241500
239400
242900
239700
242600
239000
283500
301100
361100
532500
512300
323300
242400
239500
242500
252900
494400