314600
241300
243600
240000
242200
239300
242000
239100
298000
283000
239900
241800
239800
241400
239900
242100
239500
242500
239700
251900
239000
241600
239300
241500
239100
242700
239300
242300
239300
241700
239800
241200
248700
235000
234000
262900
308000
263800
233800
235200
233800
235800
233400
263500
234000
315500
235900
233500
250800
288100
235700
233500
234700
233900
235100
234000
236300
233100
234900
233100
263800
246000
235700
233500
235400
233500
235400
234100
236100
233900
235800
233000
235600
233200
235600
232900
235100
233200
233600
544400
1092500
383200
289100
259300
322200
777600
259500
287100
319700
261000
255900
597800
392400
370500
500900
305000
380100
312600
312500
359500