302600
250500
247200
248100
246400
247200
246500
277800
306300
248200
276300
246700
247900
246200
248200
246500
247600
246600
247800
246800
247600
245900
247400
245900
247300
246200
247400
246900
247600
246300
247800
245800
256900
240600
240100
241300
239400
241000
253000
336800
253800
242200
239500
240900
240600
241600
239500
241700
239400
240900
240000
241300
238900
241700
239200
325500
282700
239500
240600
239300
241200
239500
242000
240000
240800
239200
241300
240700
268800
240200
383400
357300
240300
324100
241000
240900
240000
239500
240200
239000
239600
239200
241400
239300
241100
239900
241600
239600
240400
252800
241000
239500
241200
239800
270300
296700
250700
239800
335500
243500