381200
269500
243100
240000
242200
239200
346600
298500
268700
285400
266100
269000
239800
268100
239900
268700
268000
240000
268700
240800
267900
239400
268400
239500
296400
239600
267900
240200
268100
255600
239700
268400
239400
267800
240100
268500
239400
323400
240800
281200
269200
239900
268200
239400
269100
239600
278700
239800
267900
239400
276400
239800
269300
240100
252000
367100
503300
481000
269900
239400
302400
297000
254900
259300
300200
271400
255300
257700
254700
284000
257100
274200
249200
246600
249200
246100
248900
246000
249800
245700
250200
245400
249200
246200
248600
246500
275700
246600
248000
246500
248600
246400
246400
248600
246700
249100
246200
331700
259200
253500