303700
249400
250600
259900
279700
247800
246700
275700
351200
248900
246300
303300
333100
246300
330100
246400
274700
248400
246300
248900
245700
247500
245900
248000
245600
247800
245800
248100
245800
247800
246100
247500
278400
276800
249400
313300
249300
246300
248300
245900
248000
246600
247600
246500
248700
246400
343900
249500
246100
242500
240600
270500
251500
242700
239000
253500
240500
241500
239200
241000
239700
241500
239900
242700
239400
360400
242600
240800
242100
240500
241700
239500
241600
239800
241700
239300
241200
239700
268700
239100
268600
239100
241100
239500
241000
239600
241300
239700
240700
239400
240900
239400
241000
239500
241300
239700
336600
270600
295000
299200