397700
241400
243200
240300
270800
239100
239800
242600
421300
242900
239300
241700
239600
414800
258700
261200
277600
292900
245900
275500
233200
262500
233200
290100
246200
287900
240000
242000
239500
241700
239900
241000
239700
240500
240000
241300
239500
241200
240200
241000
239900
268400
239200
268500
241800
239400
241200
239600
241000
239300
269000
239600
250000
240100
295000
335900
267700
295700
253100
269600
240800
310000
269100
240800
246100
262500
249900
234800
262800
233900
332800
294400
250300
263900
293800
256100
272000
248400
246900
302700
246600
249400
246800
246000
248200
246600
249000
246100
276800
273000
275200
246200
248500
246000
249000
246300
248000
246300
248300
266100