323300
242500
270300
240200
269200
255400
239900
267900
239300
269700
239300
339200
301100
239500
269100
240000
296600
299200
350300
269300
294900
268200
239700
268600
239200
268700
239400
296200
268600
239700
268700
239400
296900
299100
327500
268700
239800
268400
239900
268600
240200
268700
239300
325400
338700
240100
268800
239800
296000
239500
268800
239800
251700
269500
239200
269100
240100
268500
239300
268200
239700
268500
240200
268500
239400
295900
306600
261600
249700
246800
248200
246300
284500
239600
268700
239400
332900
271200
240500
268200
239600
295800
239700
268300
239500
252900
268900
239700
270000
239700
268500
239700
268200
239500
268400
239900
268400
239600
354800
288900