269400
250500
237600
234000
236200
233000
235900
232900
235600
234200
235300
233700
235700
233100
236000
233900
237000
261000
235700
234000
234900
233600
235300
233400
235000
233200
235100
234300
235200
233500
233700
232900
233600
232900
233900
383500
420500
331000
408400
374900
332600
241900
239500
241500
240400
241500
239500
240900
239700
293000
240000
241200
238800
241900
239200
241600
240400
241200
310800
252300
241000
239500
281400
252600
240900
239300
283800
300500
271900
241800
239800
254500
252100
254100
252900
240800
239800
241000
240300
267200
239400
240700
239700
293800
239400
337500
297700
240000
240700
239500
296500
257900
243600
239700
242700
240200
242200
239900
242100
240800