280300
330800
390100
243200
342500
320100
348800
318800
245600
243000
274100
461900
243000
302300
271700
242800
244200
242700
244300
242600
244200
341200
282400
242700
301500
286000
242900
246200
330600
273000
242900
315300
299600
250400
315600
406400
244400
245100
381200
243300
245100
242800
244900
242800
247000
352200
258300
242900
272700
338400
243000
244900
379500
242700
245000
300000
285500
242800
246400
357300
298100
246100
353300
245100
242800
272500
326200
242800
245100
353200
244800
242800
257900
273600
243000
246400
325200
298100
242800
244800
302000
242800
245100
282400
324400
242800
245100
437300
296800
245500
391900
244000
244700
338500
243000
244400
256100
259200
242800
244500