278700
360000
243300
244500
315400
257300
242800
244400
243000
244400
242600
244400
366800
242900
244600
308900
270300
242800
298800
246800
242800
245200
242900
321500
242800
244900
242900
245900
242800
245900
331700
242800
244800
242800
345700
242700
273000
350400
242900
245200
242800
245000
242800
244900
269100
310800
244900
242800
351700
242800
245000
257500
433300
275300
328600
297300
261600
242800
353600
243000
244900
242700
244700
242800
326800
302800
242900
245800
242700
244800
242700
315100
338300
271400
272800
242900
328900
244500
242900
244500
242700
244500
242800
244400
242800
244400
242800
300100
274000
244400
242900
306500
244500
242700
244400
242700
244800
242700
244400
242700