384300
361700
236700
238000
236500
347300
265300
236400
298500
264400
292300
310800
237200
387200
250700
320100
238000
236400
238000
236400
238000
236300
238100
236300
236400
454400
265100
238400
236500
236400
237800
236400
238000
236400
237900
236500
237900
236400
238000
236300
238100
236500
265700
236400
236400
236400
263700
238000
236300
238100
236500
238000
236300
238100
266100
238500
236600
238000
236500
265200
236400
238000
236400
238000
236400
238200
236400
238000
236400
238000
236400
246200
236600
250800
236500
294800
337900
265000
238100
236400
238300
236400
238100
236400
238200
236500
265600
236600
238100
236500
238100
236400
238200
236500
292400
264800
238400
236400
238100
236500