305000
239700
252100
281500
272000
269500
280100
236400
238200
236300
238000
236500
282600
250400
280500
265800
236400
262900
289400
238000
236300
238200
236400
238000
236300
311300
251400
238400
253500
249200
238100
236400
238000
236500
237900
236400
238000
236600
238000
236400
238100
236500
239400
236500
238800
236500
279400
249100
238000
236500
238100
236400
272300
262500
320000
236500
237900
236500
237800
236500
238000
236500
238000
251600
278900
238100
251300
282300
236400
238000
236400
238200
236400
238300
236500
246000
249000
238300
236400
238000
236400
266900
309300
268400
236500
360700
417200
377900
305100
236600
237800
236500
238000
236400
237900
236400
237900
275300
238000
236200