316600
246400
242900
244400
242700
244500
242700
244300
242800
244300
242700
244500
242700
305100
277300
243500
246500
242700
246000
242700
246000
242900
245900
242800
245900
242900
245400
242900
245000
242900
264100
236300
238300
236500
238300
236400
321300
238500
236400
239100
236400
300400
301300
267500
294200
444900
279100
238100
311300
387400
239100
236400
238000
236400
237900
236500
265200
236400
238300
236400
265200
236200
294100
278900
265800
236300
238000
236400
237900
236100
376300
266000
236800
447100
457900
238600
236500
240300
236500
238600
236400
238700
236300
247900
236400
241600
236500
238600
236400
238600
236500
322100
556200
297100
236300
238600
236300
283400
236400
238500