323700
371400
266400
236600
265400
236400
265300
236400
249400
236200
250500
339200
236900
493900
372100
280700
236500
432300
336100
236600
265500
236400
265300
236400
265400
236500
265400
236500
293200
252500
236400
265100
236300
292500
236300
489100
266400
236300
265400
236400
265500
236500
265800
236300
292500
361400
402200
236500
292100
236300
334500
361600
293800
318100
309800
423000
243000
258900
296800
272400
243000
436100
258400
335400
443400
257600
327100
243200
254000
242500
350400
256100
270000
242600
302000
244500
268400
424900
529900
392700
252000
249600
278700
249500
251800
249500
306800
249500
251700
251700
395600
245100
242700
328400
245000
242700
244800
393600
245200
242700