269400
244300
246100
242900
308400
272600
246900
243400
245300
245500
243000
245700
242800
245500
243500
246800
244000
280000
259000
294700
271200
245700
242900
246700
243000
282500
254300
258700
275200
243200
276200
318000
254700
254200
250800
252300
296900
254100
259100
245800
243000
300200
244800
242900
258100
237200
238400
236400
238000
236500
249000
236500
238800
237300
238800
237200
239300
236600
267800
277900
238500
236500
341000
236900
279500
238300
236500
267300
288600
322100
393400
432200
309300
300000
278500
366800
240100
236500
238400
236500
317600
236400
238300
236400
265300
236500
238100
236400
237900
236500
361400
483000
280700
319900
381300
296300
363900
279500
591100
237500