402100
315500
326700
292500
332100
325000
238000
238400
237400
238200
263800
238200
236500
238600
293500
423900
345900
323300
304400
341700
366700
237200
266800
236600
322900
350000
403700
340300
333900
251800
312900
299900
243400
271800
257800
351800
327900
299200
357700
334600
250000
329700
351600
299100
283000
417100
296500
237100
343900
243200
271500
271900
256200
438100
308500
278200
366500
317300
243800
245500
243300
244600
242900
244500
242700
244300
242900
271700
244600
242800
271400
297200
245000
243200
245400
243500
244700
242900
244400
242800
244400
242900
244400
242800
338900
305800
243700
245100
243600
245600
243700
273400
270500
250000
265700
236800
265400
236800
265800
236500