262900
246200
245500
511800
324100
316000
308600
269200
296600
266900
271700
245200
242700
244600
242700
244300
242800
244500
242900
244400
380700
273000
244500
288100
275200
297300
245200
243900
245500
243000
244600
316300
242700
244400
242900
244500
242800
244600
242800
244400
242700
303700
257700
253100
272800
243000
244600
286500
246100
360000
273000
244800
260400
281400
243800
299300
243600
244800
243100
272700
242800
258900
353300
243600
244700
243000
244300
242800
244700
243100
244500
242900
272400
368900
337500
265200
251000
249300
297000
362500
256500
245800
353700
530900
308700
298500
269600
238800
236300
239200
236500
238700
323700
293900
311000
655200
288100
382400
291700
578500