274000
267000
236900
238000
236400
238100
236500
293300
264100
237700
236400
319700
238100
236500
238100
236400
238100
236300
275600
236400
253500
279900
238300
236300
238100
265100
265300
236300
319900
238100
283500
238400
293000
266300
251500
368800
297300
237300
238300
236400
238200
236400
238000
236300
238000
236600
238500
236500
238100
236500
238100
236500
265500
236300
238100
236400
238100
236400
238100
236500
238100
236400
238000
236600
238100
236400
265200
236400
238000
236400
265500
236500
238000
236500
238000
236600
246800
236500
238000
236400
238100
236500
237900
236500
238000
236500
238000
236500
265400
236400
379800
239400
236300
238000
236500
238100
236500
295100
236400
238100