407300
295200
243100
268600
241000
241700
241400
295500
241800
242700
240600
242800
241600
241700
242600
242500
241100
352500
282900
291900
262500
234700
262800
235200
303000
235600
262200
251200
358500
263800
234300
263100
380300
242400
407800
325900
236000
254700
241900
269800
241800
243300
240600
242800
241000
252400
240800
458400
243800
241500
242500
241000
242300
241400
242800
242100
304800
258800
241300
242800
241200
242600
241500
242900
240600
243100
240900
243600
241600
243200
241100
273700
241300
243400
240400
250300
235000
236400
234700
235600
234700
236500
234600
237000
234400
237300
234800
235900
234000
236100
234300
265600
234500
265700
234400
321800
268500
364900
281500
234100