316900
272600
242600
244000
241800
242500
254900
243300
241900
242900
240500
243100
241500
284500
484400
533600
291300
242600
242100
241600
242700
241100
242200
241500
242500
242500
242500
241400
267900
242100
251300
241300
270800
240000
318700
351600
241400
242200
242000
299600
269200
242500
240500
269800
240800
343300
244100
241000
242700
241200
302100
241200
242700
241500
242400
303800
316400
375000
241500
242700
241100
505000
567700
342100
257400
270200
254600
257300
254700
256600
254800
256900
266500
249600
257200
272000
241700
242700
240800
241600
240700
242500
240800
241300
243000
242000
243800
240100
242100
240600
243000
241200
258100
253900
272600
247500
250500
247100
249200
246800