333500
257000
251200
248200
306100
325500
249000
250700
248400
249700
247100
249700
247900
248300
248900
249100
247500
250000
247800
249700
246800
247100
249200
247900
248800
248700
344600
360900
279500
251500
247200
249800
248400
248500
248900
249000
248300
249400
248700
242600
242000
242900
240500
242800
240800
242900
241000
242100
240500
242700
240300
270200
242000
241600
242200
241300
242700
240300
242500
240600
242400
240400
243400
240800
242200
240200
242600
241000
284100
488400
354600
241400
271000
295300
242500
240900
243500
240300
242200
239600
242500
240600
242300
241100
325900
314300
241900
242500
255000
399600
298000
241000
242500
241200
242500
241400
243300
240800
242100
240500