342500
244100
244300
241700
242300
240000
323100
316400
242700
269500
240600
242900
241200
241900
242600
242500
241300
243200
241800
243100
240300
242100
240400
270000
240600
253300
240000
387200
287100
242000
241900
241100
243200
240200
243200
240000
243100
240900
243500
240800
243200
241000
241900
240500
269000
241100
242400
240800
241900
241000
241600
241100
241900
241100
241900
241500
242500
240400
242100
240500
240500
240200
268600
269000
240400
302300
383700
409800
312700
243800
241500
243500
382600
355800
405200
295400
327000
271700
241500
272200
270800
283000
283400
241100
242200
242400
243100
240000
242000
241300
242600
241900
312700
284700
241500
242900
241900
242700
240600
256800