371300
278400
265300
235600
263600
234200
263700
264200
235400
328700
475700
569300
298600
263100
265400
235200
276200
235900
264400
235500
263400
234500
286000
235300
276100
250100
375000
364700
331700
236000
263200
235000
263900
233900
264300
234300
264000
234700
264400
234700
264300
234800
247500
250700
273800
263500
234700
263300
234600
263400
233900
386300
277300
234700
317200
273100
276000
248400
247100
264900
409600
279900
317500
322400
274300
291300
247000
264000
234700
242300
241100
269700
241400
242300
240300
269000
241200
376800
299700
239800
242300
240600
242200
240900
241900
241600
242100
239900
241600
240600
242600
240800
269300
240900
242100
240800
243000
240800
242000
240300