368600
278500
238000
235600
305900
236400
235700
237400
235200
236900
234200
237300
235500
237200
249200
236800
234900
265500
446200
235300
237000
500900
562000
248300
236500
235500
235900
235400
236400
235300
236200
234800
237300
233900
237300
233900
265400
240600
244100
240900
243600
240900
243200
240900
250700
240500
242900
241000
242800
241100
242100
240800
242600
241100
243100
240600
306900
243600
281100
242700
240600
242400
241100
242600
240500
242800
240700
243500
241100
242700
240700
277100
241300
242500
240600
351200
304700
234200
236400
233800
236400
234500
264300
234600
236400
235600
237000
233900
266000
294800
254000
234600
236200
234900
236100
234500
237300
234700
236400
234300