335800
295200
236200
264200
250900
234000
264000
235300
276700
234900
263200
235300
264000
234100
265700
234800
311600
236000
367700
250800
234900
236800
234500
237300
234800
279500
234100
237600
234200
237500
234000
236700
235200
264400
235000
235800
235100
243900
235700
238400
235700
236900
234200
236800
234500
236400
234900
236400
348000
1472400
1603500
383900
487600
808700
252900
253900
310800
393500
324600
315300
368500
342600
358200
369500
381200
367800
327000
281900
269200
241100
311200
256300
313300
443500
479700
542700
487000
339700
244200
240200
243700
241400
313000
516700
497100
492500
273100
242100
270100
241400
325400
307900
242100
299100
443200
255400
244100
240900
286800
313700