307700
411100
249900
277800
263500
234100
264400
235500
264600
234800
263100
235000
264500
291900
277400
234700
263800
235700
356200
276800
234500
263300
234500
264400
234200
264300
233900
264300
234400
264300
234000
276600
276400
233700
292100
233900
264100
234500
264500
235000
264500
234600
263100
235000
263800
234400
249400
304700
328700
632500
299200
371600
455900
449400
477400
472000
444000
486300
453600
413300
331900
363000
383900
359300
301000
365500
353200
401200
367300
365800
400800
312700
340700
278800
299000
301500
312500
304400
306400
253100
281400
279700
281200
293700
254000
281800
254400
328600
330400
332200
318800
308400
254800
282600
294400
306000
307300
267100
255700
253900