345500
243500
303400
285100
253400
271000
309500
243200
241800
268000
240300
242900
241400
241500
242300
242100
241000
268300
243200
241600
255800
252800
269200
241100
241900
241700
241400
241600
242400
241400
241800
240500
243000
240100
242700
240100
242800
240400
243200
240900
330200
279300
269700
254200
234600
263300
235100
290500
314900
372100
326300
349600
234800
237800
234300
267300
235100
236200
234700
278100
234200
236400
235600
236600
234200
236800
234200
279300
235000
237000
234900
236100
235000
265100
234100
236500
234700
236000
234400
333900
249500
330400
236500
234500
236500
235500
236500
234000
236000
234300
279600
274800
236600
235000
236100
234900
237600
234900
243200
234100