407100
302200
242300
271000
241000
279600
241500
255000
270800
241400
269800
241100
270200
240200
271700
240700
270100
241900
335800
263500
255400
270500
240700
270600
240600
298100
240100
270800
254700
382600
256800
241200
270500
240100
270500
240300
281100
270200
241900
270100
241800
269900
240500
270300
240800
269500
241200
269400
256300
241000
269300
241500
269400
241100
269900
240800
335800
270800
241100
242800
240700
250900
241800
242400
240700
242500
240600
311200
408500
241400
242700
240700
243200
240500
268800
240600
243000
240400
242600
271000
299000
240600
435800
269900
240600
243100
241100
241600
240500
242200
240900
242600
240600
241200
242300
241400
243500
240900
242300
240300