332700
238800
240000
237600
245700
231200
250000
325900
259500
238200
240400
237700
240100
237600
239700
237600
444300
281600
237900
279200
253600
438000
326700
338500
268300
489700
343800
408600
285300
244700
302900
263900
245300
282400
310200
284900
238100
278800
245500
248600
244700
246800
276900
285200
304100
255100
240700
238000
240600
237600
239800
237400
300500
291200
253600
240700
237700
239500
237500
239900
237500
239800
237800
240100
237700
269000
237500
239700
237400
342200
268900
240400
237800
239000
237800
267200
282000
237200
239100
237600
239400
237500
239000
237400
239000
237600
283100
265200
239000
237600
239100
237600
239400
251700
383500
269600
346300
428400
492300
547400