323800
268600
237800
266700
237400
266400
237400
266700
237300
293900
266700
237400
266700
237500
331600
297700
245000
272000
244000
272300
243900
272400
243900
272300
244100
629800
255400
246700
262100
258400
246400
244000
245900
244400
246000
383200
257300
728500
537200
445500
252600
322900
251500
253500
277400
244600
246300
277400
254800
611700
299600
253100
347800
435000
276400
298800
246800
243700
246200
243800
246400
243800
328900
245000
246400
244100
245900
244100
245300
244000
244000
245800
264800
253200
272500
256600
244100
245500
244000
272100
244100
245400
244100
245400
243700
245500
243600
245400
243800
272000
259700
244000
272200
243700
272400
270700
271900
243700
272800
243900