400900
434500
311500
295700
251900
320900
254400
245300
244500
366700
323800
333700
310600
338200
321400
253800
298600
258100
294900
285400
255500
286200
309400
307900
254800
254400
247600
245200
283100
262400
276300
261700
244500
289200
246700
303300
269300
295200
257200
262300
275100
272000
308900
281400
273700
304300
245300
247700
275300
255800
256900
254100
255300
254600
256100
252800
255400
251700
255200
252000
253700
309400
382900
267600
257500
255400
315500
386900
263500
334900
253000
258600
256700
253600
265400
252900
275300
326500
262300
277100
265600
275000
328900
254100
296800
300300
354100
371500
252600
296700
396500
396000
264600
293600
292300
348200
364100
346900
399000
355900