315300
245800
246000
243900
245900
243800
245700
243800
245400
243900
245500
244000
245800
243800
302400
300900
244100
245400
244000
245500
243700
245400
243800
304600
272700
246700
244300
246500
237500
239100
237400
293900
239400
237400
238900
237400
239300
237500
239000
237500
237300
264700
265900
346200
266700
237500
239100
237600
276600
237400
239100
237400
238700
237400
239000
237300
238900
237100
238900
237300
238800
237300
266600
237400
238800
237400
266200
239000
277000
239300
237400
238900
237500
321900
263100
239900
237400
238900
237500
239000
237500
238800
237500
265900
237200
238900
237500
238700
293300
237600
378200
237500
239300
237300
239100
237500
238800
237300
239500
237300