281100
246300
247200
244000
245800
243800
245800
243900
245700
243800
341400
257700
254200
282300
270600
295000
317700
282200
247900
293200
260200
246400
243800
245600
244100
246100
244200
245800
243900
283600
250100
323000
379400
391300
366700
352200
267100
237800
266400
237400
266600
254200
254100
237600
266700
237600
266500
237500
267100
237500
250300
268100
279000
266600
237400
266800
237400
266600
237400
266400
237300
266500
237500
252200
266700
237300
266700
237500
321100
346000
248400
250500
289100
356600
290500
320000
326800
473000
253700
237700
249600
237300
266600
237400
238900
237600
239000
237300
239000
237700
297900
268600
240500
237500
239700
237400
239400
237400
240100
237400