304500
247900
244400
383800
299200
413000
238900
264500
237800
239300
237600
239300
237600
267300
250500
239400
237200
238800
237500
291800
237300
238800
237400
292100
237300
388400
280600
237500
239100
237700
239000
237400
239100
237600
238900
237200
291400
237300
249200
237300
264100
239100
275600
239000
237700
289400
237500
239100
238100
239100
237300
238900
237300
324300
351600
244600
323200
268700
246800
274300
332500
256100
265600
275200
300900
325600
358700
308900
257100
301500
298600
258800
247000
244100
247000
244300
246400
243600
275600
243900
246700
243800
246600
243800
273000
244000
246400
243600
273600
272600
244200
250700
244300
247700
244100
246600
243800
246100
244600
246200