325700
269800
237900
239600
237500
296100
237600
268900
240400
250500
239600
237700
239700
237500
239700
237500
239500
237100
239600
237400
239300
237400
239600
237800
255200
250000
255900
308000
268400
237600
394300
253400
237800
239600
237400
249500
237400
239600
237500
239700
237600
284200
237400
239800
237700
239500
237600
239500
238100
394500
310200
253700
282000
237600
267100
237700
307700
266100
237400
266200
237500
266300
237800
266600
237600
279300
237800
266100
367000
237800
266400
237500
307800
237500
266700
268400
270400
272200
244400
272400
244300
272000
244000
272600
243800
272000
285800
257000
284700
297800
514700
334500
266800
237600
266400
237500
266200
237500
267000
237400