310500
245500
384500
247500
244500
245400
244000
245400
243900
245500
243800
245600
244000
245500
243900
245400
243900
245200
243800
245500
243700
245400
243800
245400
243800
245400
253200
239400
265600
239100
237200
238700
237500
239000
237300
238800
237300
339300
281400
238100
239200
237400
242500
237500
239100
237400
248000
237500
266700
237500
239000
309200
239200
296100
252200
253700
293400
307700
237300
239000
237300
314800
240700
237700
239500
237600
239600
237400
239500
237600
241000
237500
239600
237500
239700
237700
239700
237300
239600
237500
239500
237500
239600
237500
239400
237500
239300
237200
333800
284100
240400
237400
237600
239600
237500
239500
237300
239400
238300
241100