294500
261400
290100
244100
245600
347400
274300
282500
371500
262100
246400
486800
273400
246600
288400
291800
253700
250400
252400
250800
252700
264300
291800
246500
244800
413700
267900
265100
378700
259200
244400
308200
360000
245300
1792700
246100
496000
246300
263500
379100
259500
257500
406500
310600
407800
296700
246700
260300
365700
346800
293900
293900
273900
244000
359500
246400
244300
364700
276600
243900
262100
313900
246400
244000
317500
261000
244100
246200
300700
275200
244000
262800
257700
247300
244000
290900
259200
243600
246600
301800
246200
243800
261400
286400
351200
299700
326700
320600
551900
337300
245100
270100
244000
246000
244200
246100
243700
246100
244500
246000