329500
238700
240100
237700
252100
243800
246100
243700
247100
243800
246700
243900
354200
246700
244100
245600
243600
245100
243900
245900
243900
245400
243900
245500
244000
245400
243700
245500
243900
245300
243800
245200
243800
245400
243800
245200
243800
245400
243900
245200
243900
243800
255600
255300
499900
285200
238200
266800
238400
239400
237500
239400
237300
266300
237300
239000
341300
336000
239500
237400
239000
237400
239600
237600
266200
237600
239100
237600
239100
237400
266000
237400
239100
237400
239100
237700
239200
237400
239200
237400
239100
245300
259800
231500
270300
259900
231200
287000
256300
259600
231500
259700
231500
259800
231200
259700
231100
259800
231900
259700