363200
266100
251800
238300
238700
238100
237100
236900
235700
331900
252500
239200
236100
245700
236900
238500
235800
238600
235900
327700
297300
316500
239300
236100
237500
236200
268400
237600
266300
237500
239000
235900
238900
234700
309900
236400
340300
245500
249500
266800
237400
266600
235400
238500
236500
352700
278800
235900
237600
236200
237800
236100
253800
236600
237600
237100
239400
236500
280900
318700
238000
235600
321200
237000
236400
238100
235500
300300
252500
286600
236500
238300
236100
238300
235600
270100
235400
239500
236000
277900
236800
237200
236300
238200
236000
238400
235300
265900
235600
238300
236200
238700
235300
239200
235500
238400
236400
238300
307200
235700