331600
257200
244400
243900
244400
243600
242900
241200
243600
242500
242900
299900
271100
242300
244700
242800
243200
243300
270800
243200
299500
241900
243200
242000
324200
297700
255200
287600
242400
245500
242900
243000
242900
241000
244000
242700
243300
242200
244600
242000
244600
242600
242900
242900
271000
242900
243700
242000
243400
242700
243200
242200
244100
242700
243400
242300
334200
243100
277800
244100
242400
270200
243000
243000
242300
244000
241500
271500
241700
276800
236300
264300
236300
264200
235700
264900
234900
265400
249900
380500
273500
247900
353500
264900
236000
321400
268000
358300
278000
236900
264600
237000
264400
236800
305300
237000
250400
265100
235700
264700