272900
317100
246300
242300
246400
242200
244500
241400
243700
242600
271100
473000
242800
244400
243200
271500
241900
244700
242300
244500
241900
243200
243300
243700
241600
244600
242700
272300
242700
245400
242900
243600
243100
242700
242500
244400
242000
269300
244400
242500
244600
242600
243000
242700
271700
242700
243400
242100
270900
242500
243300
242200
328000
370000
272400
245900
244000
244600
251100
264700
236000
514400
1023400
261800
280600
412700
378400
319500
441000
389900
275000
257400
289500
263800
294400
326600
273300
265800
289000
329900
328600
349500
602000
304300
439700
335900
309400
251300
279100
250800
278100
251900
304400
278800
251800
286600
245500
452300
407700
339500