277300
328300
238300
238100
238500
238200
236800
278600
236000
238500
235200
329100
381600
244700
246600
244000
244600
243300
244700
313200
431800
374400
381800
586200
283100
271700
243900
245700
242500
245400
243000
244700
243100
328700
242900
245000
242900
310400
244400
242400
270500
242800
243300
243400
244200
243200
244000
242200
244000
242400
252100
236400
278400
236500
362500
425800
290000
342200
244300
242700
245100
242000
244900
242000
254400
243100
243700
242500
243700
241800
271800
242700
242700
243500
242100
258800
241900
245600
242600
242800
242600
244900
242700
244300
242400
244200
241500
270300
241600
324400
243200
346300
315500
285300
270100
244900
242500
244400
241900
243600