276100
316600
258900
257500
260500
255800
258000
254600
258700
283100
256900
257400
442600
289600
518700
255800
248900
299600
311600
354100
269900
277200
252500
249100
251300
250900
262500
290200
306500
254000
250100
407800
416700
293000
250900
251700
249200
251000
249300
306200
253100
279300
282700
250500
250900
249900
250500
250000
250100
249100
250300
249200
248700
251300
248400
252400
250700
251400
249100
250400
249300
250000
249600
249400
249400
250300
247900
306900
311800
248800
376100
269600
356100
252900
249900
251700
248200
252500
249900
288000
251500
248000
251300
249500
250600
249900
281500
248300
277500
262900
250900
250000
248800
251500
249200
289800
255400
245400
242200
245500