303100
254500
282200
281000
311600
279900
331800
393800
354900
301900
278400
250400
367700
259600
265600
491500
255300
250300
249200
251300
250400
314600
376600
249300
320400
280900
252600
250600
250800
250500
331600
321200
281600
329900
251500
250000
250900
249300
309400
279200
278600
292300
278900
264200
249200
251000
248500
250400
248500
487300
286300
282400
597000
380700
248800
252300
250400
414700
362900
248900
388700
279900
249600
250500
249500
251700
381500
443800
568800
290400
252100
252500
249500
251100
248600
354200
329000
251200
297000
276900
250200
346900
325500
262900
304100
309500
264400
248600
333800
268200
249500
277500
248500
277300
249800
348300
319500
249700
307200
310400