313000
458500
383300
244300
244400
244000
243400
271400
383100
275200
250200
249800
250500
249400
251600
350400
264000
252400
249000
251100
248800
250400
336100
280400
251500
250400
452800
259300
487700
381200
255700
253600
376500
254300
404800
251200
251400
361400
250800
309300
309200
278000
249300
251700
249600
250000
250300
277300
357100
275200
320500
316400
249200
251400
355800
302400
368500
256100
249500
251600
323900
276800
280600
291800
353100
249800
392500
335900
253000
290700
348800
249800
251600
249100
248500
251700
278200
365800
249300
784700
315400
252500
448000
298300
355100
396900
464000
390700
308300
313300
279800
253400
291700
359900
343700
318300
277200
251600
248500
330900