319400
338600
312800
354400
400600
252500
250300
250000
249100
250600
249900
277400
250400
248800
389300
264800
319600
251700
248700
251100
248500
250500
250200
260300
276400
318700
305700
347100
249500
252200
249800
330500
262600
307800
249700
249600
251000
248900
335000
437700
250600
251300
248300
251300
249300
251200
248800
250600
248000
250400
248200
249000
473700
325300
251800
362800
254000
250600
250500
249100
283800
248800
251400
248300
251000
251600
444900
531200
482100
309200
271100
243400
280000
242500
425500
364500
297800
347100
245000
241300
245000
241800
271800
244600
242300
245200
241700
243900
242000
244700
243100
245500
242200
244800
242700
287400
555400
505300
480500
279800