332000
245900
247100
242200
255500
244500
242900
243000
241900
343200
340400
245400
242300
271600
244800
243000
243500
243300
243700
242800
243400
242000
327500
403300
242300
246200
242300
245600
242800
317300
287500
243400
245300
241700
244800
243300
245400
242300
245200
242200
245500
242800
243500
242400
245600
243300
245200
242200
244800
242600
252600
236400
325100
363400
236200
238400
237300
238700
236100
238000
236000
245800
236500
265500
236200
238200
235200
398000
365200
236500
265400
236000
265500
236100
264700
236800
276400
266400
236300
277400
304800
264200
236400
292400
409000
243700
369300
280400
256600
245100
243800
330400
440400
403900
385700
348400
316700
243300
242600
246300