368400
339400
333800
249200
269500
271700
271700
270500
242100
271500
241500
272300
242300
423300
521200
346500
258800
243900
244100
243500
299700
269300
272200
242300
3422000
280700
282000
251400
279000
250400
280400
250400
292000
277300
276300
292000
249400
277200
249200
276700
250100
261900
302700
386200
249600
278200
248900
304600
249000
322100
271500
277800
306300
249900
277200
251200
278900
297300
288100
361900
253000
249100
278300
248800
276800
250500
251600
250100
250400
248200
251600
461300
394600
477800
299600
334900
249500
281000
250100
276600
251000
304200
279700
251100
278700
250200
277900
249300
279100
264500
288000
298200
334000
244800
273300
243500
287000
256000
299800
242900