316600
242400
239400
240200
238700
240400
238500
239900
238400
267500
238200
251000
238800
240800
238400
268300
238700
240500
239000
240400
238000
240100
238300
368900
294600
239000
240200
238800
240200
238500
239800
238700
306600
238300
240700
238400
303300
291400
393100
343800
331600
242300
238600
240900
238600
240700
238300
243100
251700
275000
238400
240900
238200
240600
238300
240800
238700
240400
238300
240400
238600
240600
238600
240100
238400
240900
238500
250700
238300
240400
238400
241300
238200
241100
238300
240600
238900
240200
238600
240500
238400
329800
345600
295400
240100
238300
240400
238700
267100
238700
239900
238500
349800
240500
238600
240200
238300
240100
251900
383500