332700
242500
239300
240100
238700
239800
238600
267300
238700
267400
238200
348800
337300
239100
309300
265500
240100
239200
373000
243500
239000
267600
238600
240100
238100
267700
238800
324100
240000
238600
239800
239000
240100
238200
240700
238200
240400
238600
240500
349100
305500
509900
338300
350500
239100
241000
238500
241300
238600
240900
238400
240700
238300
240600
238100
241200
238600
241400
238300
241100
238500
240600
238600
240400
238400
240300
238500
240400
238300
240500
238500
240500
238200
241400
238400
337400
239600
240300
238600
266900
238600
266400
238300
238300
240000
363600
295100
238800
240100
238700
240000
238600
267400
238600
239900
238600
239900
238700
240600
238500