316800
246700
500500
478600
252200
240900
239200
271300
238600
240800
238400
240800
238600
241000
238500
241500
238300
241100
239200
240700
237900
318800
366900
238700
241600
238800
240600
239000
240400
238600
240200
239000
240700
238200
242200
238000
240700
238700
241900
238300
240800
238600
241400
238300
240500
238400
240300
238500
241200
238300
240300
238500
249800
238500
240400
237900
240500
312700
303000
498700
294500
352100
239600
240300
238800
240300
239100
240500
238600
240000
238700
240300
238400
268000
238300
267200
239400
239600
238600
338500
239100
238100
238300
238700
238300
238400
267500
238600
239900
238700
240100
238400
267700
238600
240400
238500
239900
238600
268100
238500