374600
298500
239800
240200
238400
239900
238500
239800
238500
240200
238100
249900
238400
240700
238500
240900
238600
267800
239000
267300
238100
238500
238300
238600
238100
238300
238200
354500
423400
400200
571200
429400
304400
277400
437700
472200
459900
458400
490000
352300
372000
364100
347100
358400
361000
370000
342000
371300
346200
344400
360400
357300
382500
392500
400600
346700
347700
311900
312300
301900
336900
364700
429100
340800
336200
335400
313300
370600
336500
418700
592900
394800
322900
289000
307000
310600
350800
336600
335700
310300
311000
298500
283200
344200
246100
277000
245300
246900
244900
247000
245100
246800
245900
247500
245500
246800
244700
246700
245600
256500