327600
268700
242400
238700
272000
251300
241600
238600
241100
238700
240600
239000
241100
239300
240800
239500
240800
266600
241600
239000
240400
239100
283200
238500
240800
238600
269200
239100
238400
238500
238000
239000
238400
238500
239100
240100
238700
240400
238700
241100
312000
241200
239100
240200
238400
325700
238600
241200
238500
240600
238300
240400
238300
240500
377600
396500
334300
317100
310500
238500
240200
238400
240400
238600
384200
323000
275200
240300
238900
240200
238700
269800
238400
240800
238400
240200
239000
239700
238600
267100
238700
239600
238200
249900
238600
240100
238400
240100
238200
422300
281400
238800
240400
238600
240100
238900
239900
238600
241000
238600