315200
240700
240800
238500
240100
238300
240600
238300
241000
238500
239800
238700
293900
253800
403300
555300
420400
283200
239100
240200
238300
240200
238400
240100
238300
240200
238900
338400
294100
238500
239800
487200
367900
329800
313200
354100
239500
240500
239000
266800
238900
240600
238500
240300
238600
240200
238400
282500
238400
240000
238300
267300
238100
240000
238100
240200
238500
351600
240100
238200
267000
292300
240500
238200
304100
280600
267900
240000
238800
239900
265300
240200
238400
240700
238400
240300
239200
239700
238400
239800
238600
266500
238100
318700
270400
240700
238400
240300
238400
267100
238500
266900
257500
419700
378000
324400
391400
239900
241600
239100