414600
315900
347300
275600
261500
232100
345700
282700
277100
248200
245300
278300
248600
261600
238600
242100
238500
241100
239100
241000
238400
240800
238400
283700
242000
265700
274700
354600
240800
238800
241400
239200
240600
238300
241400
238200
282400
271600
265200
269500
238900
301700
283300
339700
241300
238400
241100
238600
240700
238600
241000
238700
326700
238900
240200
238400
267300
238300
406700
304500
364900
273800
348600
268500
239200
267800
239000
267800
238800
239900
238800
295600
310500
240000
238500
267400
240600
238200
240400
238100
250000
238100
240100
238400
239800
238600
240100
238600
267000
238500
240100
238400
240200
238500
240200
238400
239900
238500
240600
238300