309500
268500
239400
267400
238500
267500
238600
294700
238700
267500
254400
238700
426600
327200
385800
421600
266800
269500
239200
360200
377300
489800
358300
238700
267900
239300
268300
238800
267300
252400
246100
245500
246700
244700
247000
246000
245100
246400
245300
273600
245200
246700
244700
246600
244700
246700
244700
301500
244800
284200
244600
246400
244500
245200
246300
244600
246900
244900
246200
244600
246400
244800
246800
244500
246700
244800
273900
244700
255700
238500
267600
269500
322900
358900
422700
394400
257100
295500
239000
267400
238900
322200
267700
238600
267600
238600
295700
238600
267700
238900
267600
238700
251400
268300
238800
267500
238200
267900
239000
267600