389600
257300
241600
251300
240200
238300
267400
238200
240300
238600
373900
433400
380400
282100
310000
395700
312800
343100
283200
330500
255300
240400
238300
240300
238400
239300
337700
240500
238500
240100
238100
240700
238500
267400
239200
239800
238600
278200
238700
240100
238600
240300
238800
267600
238400
240200
238400
240000
238400
240100
238400
267700
238100
240300
238300
375500
319300
328000
323800
349400
354400
240100
241200
238600
472200
500500
336300
240700
238700
240300
238600
240200
238700
268600
238300
240100
239400
239800
255000
352200
462800
253700
238500
240000
238500
239800
238500
240100
238200
240200
238900
250300
239000
240300
238500
240200
238500
267600
239500
240000