329700
295900
241200
238800
240200
238500
267600
238300
240000
238600
239900
239100
239900
239000
240000
239200
240100
239300
335400
285700
238800
240300
238200
240200
238200
240100
238200
240500
238300
240100
238200
240500
238400
240000
239400
267300
356700
381900
446400
527300
256500
239200
240200
239000
267100
240200
273300
240300
238100
266800
238500
240300
238300
240100
238200
240300
238600
240200
238100
239700
238500
240100
238700
266600
238400
239800
238500
335400
506400
310700
238800
240800
238600
250900
238400
240600
239200
241200
238600
240200
238600
240100
238100
271500
238300
240300
238500
240700
238100
295100
238600
240300
238600
325000
241100
238500
255100
402100
376100
316300