9000
4000
3800
2400
3200
3000
3200
16000
2300
3100
3100
2800
3000
2400
3300
2900
2700
3400
2700
3000
2400
2300
3400
2200
2600
2100
2600
2700
2900
2800
2900
2100
3000
2600
2700
2700
2800
2700
3200
2200
2900
3100
2800
2600
3300
3100
2800
2900
2800
2800
2700
3200
1900
2200
2500
2700
2200
2000
2700
2300
2700
2100
2500
2600
2700
2900
2900
2900
2700
2200
2800
2200
2900
3000
2200
2400
2600
2400
2500
2700
2200
2400
2900
2200
2600
2700
2600
2300
2600
2100
1900
2000
2800
2900
2500
2900
2100
2300
2700
2700