6300
3900
3700
2700
3600
3000
3100
3100
2300
15600
3100
2800
3200
15300
3300
2900
2700
3400
2800
2900
2400
2500
3100
2200
2600
2300
2700
2900
2900
2800
3000
2100
2800
2500
2800
2500
2900
2600
3200
2100
2800
2800
2800
2900
3100
3000
3100
2800
3000
2600
2800
3100
1800
2200
2600
2700
2100
3700
2700
2100
15700
2300
2600
2600
2800
2900
2900
2900
2700
2000
2700
2100
2900
2800
2200
2400
2600
2100
2500
2600
2100
2500
2900
2100
2500
2500
2900
2200
2500
2100
2000
1900
2600
2600
2500
2900
2100
2400
4500
17400