6500
4800
4100
2800
3400
3100
3200
3200
3600
3600
3300
3300
4300
3600
3500
3100
3200
4100
3200
3300
3000
2600
3300
2700
2900
2300
3200
3200
3000
3000
3400
2700
3100
2700
3300
3000
3300
3000
4000
2800
3400
3000
15900
2600
3300
3400
3500
3000
3400
2900
3100
3500
2100
2300
2700
3000
2800
2400
16100
2600
3800
2600
3100
3200
4200
3600
3300
23700
3400
2200
3100
2400
3300
3000
2300
2600
2900
2500
3100
2800
2400
2600
3100
2200
2900
2600
2900
2200
2800
2300
2100
2200
2900
3100
2900
3300
2500
2400
2800
2700