15300
4100
3800
2400
3500
3000
3300
3100
2500
3100
3200
2800
3000
2600
3100
3000
3200
3600
2900
3000
2800
2300
3400
2400
2700
2200
2700
2700
2700
2900
2900
2200
3000
2600
3200
2700
3000
2800
3400
2200
2900
3000
3000
2500
3200
3100
2900
2900
3000
2900
2900
17200
2000
2200
2600
2700
2300
2000
2900
2100
3000
2200
2500
2800
2800
2900
3000
3000
2800
2300
2800
2000
3200
2900
2500
2600
2700
2200
2600
2700
2100
2600
2800
2300
2700
2700
2800
2200
2700
2200
2100
2300
2700
2800
2500
16800
2300
2400
3000
2700