6200
7100
4100
2500
3400
16000
3000
2900
2300
2900
3300
3000
3100
2500
3200
3000
2700
3900
2800
3200
2500
15200
3400
2800
2900
2300
2700
2900
3200
3000
3000
2300
3100
2600
2900
4100
3900
3200
3800
2500
3500
3300
3000
2700
3500
3500
3000
3400
3200
2800
3300
3400
1900
2400
2800
3400
2300
2100
3000
2200
3300
14400
2800
2900
2800
3000
3200
3000
2800
2000
3000
4100
3400
3100
2300
2700
2800
2400
2700
2700
2100
2700
2900
2900
2900
2700
3000
2300
3000
2200
2000
2100
3500
3000
2700
3000
2200
2400
15700
2800