5700
3900
4200
2800
3500
3400
3500
3000
4300
3000
3600
3000
3300
2900
3200
3300
3000
4000
2900
3300
2500
2900
3300
2300
3000
2200
2700
2800
2800
2900
2900
2100
3000
2500
2700
2600
3000
2700
3600
2200
2900
3000
2800
2600
15900
3200
2900
2900
2900
2700
3100
3100
1900
2300
15900
2700
2300
2100
15500
2100
3300
2300
2700
2600
2800
2900
3000
2900
2900
2000
2900
2200
2800
2900
2300
2600
16700
14600
2700
2700
2300
2600
3000
2100
17000
2700
2600
2200
2700
2300
2000
2100
3000
2900
2400
3000
2100
2300
2900
3000