6800
3900
3900
2400
3300
2900
3100
2900
2300
3300
3200
2900
15900
2600
3400
2900
2800
3400
2900
3200
2500
2400
3200
2200
2700
2200
2800
3100
17100
3000
15700
16800
3000
2800
2900
2700
3100
3100
3700
2400
3000
3100
16200
2900
3400
3400
3000
2900
3000
2800
3000
3300
2100
2300
2600
3000
2300
2100
2800
2200
2900
2200
2600
2600
2600
3000
3000
3000
2900
2000
2900
2000
3000
3200
2300
2500
2800
2300
2800
2700
2200
2600
2900
2200
2700
2600
2800
2200
2600
2400
2200
2100
2800
2800
4200
3000
2300
2500
2900
3000