5900
4100
3900
2600
3200
2900
3200
3000
2300
3100
3200
2800
3000
2600
15500
2900
2800
3500
2700
3200
2400
2200
3400
2200
2500
2200
2600
2900
2700
2900
2900
2000
2900
2600
2800
2600
3000
2700
3300
2200
2900
4800
2800
2500
3200
3200
2900
3200
3000
2600
2900
3100
1800
2100
2700
2800
2200
2000
2600
2000
2700
2300
2700
2500
3000
2800
2900
2800
2800
2000
3000
2000
3300
2800
2300
2600
2700
2200
2600
2600
2000
2500
2800
2100
2600
2700
2600
2100
2600
2200
2100
2200
2700
2700
2500
2900
2100
2800
2800
2700