6000
3800
4200
2600
3200
2900
3300
3000
2400
3500
3200
15200
3000
2600
3400
3100
2800
3600
2800
3100
2500
2200
3300
2700
2700
2400
2900
2900
2900
2900
3000
2300
3000
2600
2900
2800
3300
2800
3600
2300
3000
3400
2900
2800
3200
3300
3000
3100
3000
3000
3000
3700
1900
2400
2600
2800
2200
2100
2800
2200
2800
2300
2800
2700
2900
2900
3100
4700
2800
15500
2900
2100
3300
2900
2300
2700
2700
2200
2600
2900
2500
2800
3000
30900
2700
15800
4300
2500
3100
2400
2300
2500
3100
3200
2800
3600
2100
2600
3000
15300