15000
4300
3700
2500
3500
16600
3300
3500
2400
3100
3100
3100
3100
2500
15900
2900
3100
3400
2700
3200
2500
2500
3200
2300
2700
2100
2800
2700
2800
2800
3000
2100
3000
2500
2700
3000
2800
2600
3300
2200
2900
2900
5800
2600
3100
3200
3100
2800
2900
2700
2800
3100
1900
2100
2600
2900
2200
2000
2700
2100
2700
2100
2600
2600
2700
2800
2900
3000
2800
2000
2800
2000
2900
2900
2200
2400
2700
2200
2600
2700
2100
2500
3000
2000
2500
2700
2700
2100
2600
2200
2000
2000
2700
2700
2500
2900
2100
2300
2800
2900