16700
3100
2100
2100
1500
1300
1800
1900
2000
1800
1400
1700
1300
1200
2300
1400
1900
1700
2200
2000
1700
1500
1400
2100
1800
1900
1200
1500
1200
2200
1200
1700
2000
1100
1200
1300
1400
1200
1600
1300
1500
1400
1200
1500
1300
1300
1400
1200
1100
1200
1200
1300
1800
1400
1100
1800
1300
1100
1000
1200
1400
1300
1300
1000
1100
1300
1200
1800
1300
1100
1300
1100
13200
1300
1300
1100
1100
1100
1200
900
1200
1700
1200
1300
1100
1800
1700
1100
1200
1200
1200
1200
1300
1300
1000
1400
1800
1400
1200
1200