12800
2800
2300
2100
1500
1400
1800
1900
14300
1500
1200
1200
1300
1100
2500
1500
1800
2000
2100
2000
1700
1400
1300
1900
1600
1900
1200
1600
1100
2000
1300
1600
2000
1100
1300
1200
1100
1200
1300
1200
1700
1300
1100
1600
1300
1300
1400
1100
1000
1100
1100
1300
1700
1300
1100
1800
1400
1100
1000
1200
1200
1300
1500
1000
16600
43000
1500
2000
1400
1200
1400
1200
1300
1300
1200
1000
1100
1200
1200
1100
1200
1800
1300
1100
1200
1700
1700
1100
1200
1400
1200
1200
1300
2000
1500
1500
2000
1500
1400
1300