3900
2500
2500
1800
2400
14500
1800
13500
1400
1600
1300
2000
1500
1700
1700
2100
1300
2100
1600
1600
1200
1500
2500
1400
1200
1900
1200
2300
1400
2000
2000
1900
1600
1200
2100
2000
1400
1200
1700
2000
2200
1600
1200
1600
1500
1500
1400
1500
1400
1800
1400
1400
1100
2000
1100
1400
1900
1800
2000
2100
1200
1300
1500
1000
1900
1100
1300
2000
1300
1300
1700
1800
1400
1900
1300
1900
1100
1900
1900
1100
2000
1700
1900
1300
1800
2100
1100
1800
1300
1600
1700
1900
1400
1800
1000
1900
2100
1300
1500
1800