4600
2500
16500
1700
14700
2500
1800
1300
1500
1700
1400
2000
1600
1800
1600
2200
1600
2000
1700
1600
1200
1400
2300
1500
1300
2300
1200
2400
1600
2100
2000
1800
1500
1200
2300
1900
1400
1600
1700
2200
2300
1900
1200
1600
1700
1700
1400
1400
1500
1900
1600
15800
1400
2300
1100
1300
2300
2000
14100
2100
1300
1400
1600
1100
2000
1200
1600
2100
1600
1700
1900
1800
1500
2100
1600
1700
1200
2000
1900
1300
2200
1800
2200
1300
1800
2200
1200
2000
1200
1600
1700
1900
1400
1900
1100
2300
2100
1700
1500
1900