26000
2900
14600
1400
2600
2200
1600
1300
1600
1700
1400
2000
1700
1600
1500
2100
1400
1900
1500
1800
1100
1400
2200
1500
1200
1900
1200
2300
1500
1800
2000
1900
1700
1200
2100
1900
1300
1200
1700
1900
2500
1500
1200
1500
1500
1400
1500
1400
1400
1900
1300
1500
1100
2000
1100
1300
1800
1800
2200
2000
1400
1200
1400
1200
1900
1200
1200
2100
1200
1300
1400
1800
1300
2200
1300
1700
1100
1800
1800
1200
1900
1700
2100
1200
1900
2100
1100
1800
1200
1400
1700
2200
1200
1800
1000
2200
2000
1300
1500
1800