4200
2700
2200
1400
2800
2200
1700
1300
1700
1600
14100
1900
1600
1600
1500
2100
1300
1900
1400
1500
1200
1300
2400
1500
1300
15000
13800
2300
1500
14400
2000
1800
1500
1100
2100
1800
1400
1200
2000
2100
2200
1600
1300
1700
1400
1500
1400
1500
1500
1800
1200
1300
1100
2400
1100
1200
2000
1800
1900
2000
1100
1400
1600
1000
2000
1100
1300
1900
1300
1300
1500
1700
1600
1800
1400
1800
1100
1900
1800
1100
1900
1600
1900
1200
1900
2300
1200
1800
1200
1400
1600
1900
1200
1900
1100
1900
2000
1400
1400
1900