12900
2700
2400
14200
2800
2500
1800
1300
1600
1600
1300
1900
1500
1700
1400
2000
1300
1800
1400
1500
1200
1300
2300
1400
1200
2000
1200
2300
1400
2000
1900
15800
1600
1300
2000
1800
1300
1100
1600
1900
2100
1500
1100
1600
1700
1500
1300
1400
1400
1800
1500
1400
1100
2000
1100
1300
1800
1900
1600
1900
1300
1300
1300
1100
1900
1100
1100
1900
1500
1300
1500
1800
1300
1800
1500
1700
1000
1800
1700
1100
2200
1600
16000
1300
1800
2100
1300
1800
1100
1500
1600
1800
1200
1800
900
2200
1900
1400
1500
1800