16300
3000
2200
1500
2600
2400
1800
13600
1400
1600
1200
2000
1600
2000
1400
2100
1400
1800
1400
1500
1100
1400
2400
1500
1200
2000
1200
2400
1700
2000
2000
1900
1500
1200
2000
1800
1200
1300
1600
2000
2100
1800
1200
1500
1500
1700
1300
1400
1500
1900
1300
1400
1100
2000
1000
1200
1800
1800
1700
2000
1100
1300
1500
900
1900
1100
1200
1800
1200
1300
1500
1800
1400
1800
1200
1700
1100
1900
2000
1100
1800
1700
1900
1200
1900
2000
1000
1900
1200
1400
1600
1900
1200
1900
1000
1900
2100
1300
1400
1900