3800
2900
2100
1500
2400
15000
1600
1200
1600
1600
1300
2000
1500
1700
1500
2000
1300
1900
1500
1400
1200
1400
2300
1300
1200
2100
1100
2200
1400
1900
2000
1800
1400
1200
2300
1900
1300
1300
1800
14900
2300
1600
1200
1600
1500
1500
1600
1400
1400
1800
1300
1300
1100
2000
1100
1200
1800
1800
1800
2000
1200
1400
1700
900
1900
1200
1400
1800
1300
1400
1400
1700
1300
1900
1400
2000
1000
1800
1800
1100
2100
1600
1900
1300
1900
2100
1100
2100
1200
1400
1600
1800
1200
1700
1000
1900
2300
1600
1400
1800