4500
3100
2800
1600
2300
2000
1800
2200
2500
1800
1500
2700
1600
1900
2500
2300
2000
2700
2200
2100
1800
2400
2200
2000
1800
1600
1200
2600
2100
2400
1600
1900
2500
1300
2100
1800
2000
2100
1800
2100
2300
2200
2100
1900
2300
2300
2100
2000
2100
1200
2000
2300
1700
1600
1800
2000
1500
2200
1700
2000
1900
1400
1700
1100
1600
1900
2000
2100
2100
2200
2200
1900
1500
1900
13500
1700
1200
1400
2000
1700
1400
2000
1500
1900
2200
1800
1900
1900
1400
2200
1900
2000
1800
1800
1600
2000
2000
1900
2100
1900