5000
3700
3100
2100
2700
3300
2100
2500
2400
1700
1400
2600
1500
1900
2600
2300
2200
3000
2300
2200
1900
2100
2300
2100
2100
1400
1200
2700
2200
2100
1800
2100
2500
1400
2200
1900
2100
2100
1800
2200
2300
2600
2100
1800
2600
2400
2200
2100
2200
1300
1900
2600
1800
1700
1900
2100
1500
2500
1900
2000
1900
1400
1900
1200
1600
2000
2200
2300
2000
2200
2100
2000
1700
2000
1600
1800
1300
1500
2200
1900
1500
2300
1800
2000
2400
14700
1900
2000
1400
2300
2100
2000
2000
1800
1900
2100
2000
1700
2100
2000