4700
3600
2800
13700
2300
2100
1700
2100
2100
1800
1500
2700
1600
1800
2400
2300
2100
2800
2300
2100
1900
2400
2300
2100
2100
1500
1300
2600
2100
2100
1500
1800
2700
1400
2200
1900
2100
2200
1800
2400
2400
2200
2200
2200
2300
2400
2200
2100
2400
1300
1900
2400
1900
1600
1900
2000
1600
2200
1800
2000
2000
1500
1700
1400
1700
2100
2000
2100
2100
2100
2400
1800
1500
1900
1500
1800
1300
1500
2200
1800
1500
1900
1500
2100
2200
2000
1900
2000
1500
2600
2000
2000
2000
1900
1700
2400
2100
1600
2100
2000