5500
4400
3600
2300
2800
2100
1800
2300
2600
1900
1700
3400
1600
2000
2400
2200
2200
2800
2200
2100
1900
2200
2400
2000
1900
1400
1400
2700
2400
2100
1600
2100
2600
1300
2100
1900
2200
2100
1700
2100
2200
2100
2000
2000
2400
2500
2100
2000
2200
1300
2000
2400
1700
1900
1900
2200
1500
2200
2000
2000
2000
1300
1800
1200
1600
2000
2100
2100
2000
2000
2200
1900
1600
1900
1700
1700
1300
1700
2000
1700
1700
2300
13800
2100
2400
2200
1900
2100
1500
3000
2300
2200
2400
2000
1900
15000
2200
1600
2100
2100