4800
3300
3000
1700
2300
2200
1800
2100
2200
1600
1300
2600
1500
1800
2400
2400
2100
2700
2200
2200
1900
2100
2500
2200
2000
1400
1400
2600
2300
2400
1600
1900
2500
1400
2200
1900
2300
2200
1700
2100
2300
2200
2100
1900
2300
2400
2100
3500
2800
1500
2100
3000
14200
1800
2000
2500
1700
2500
2300
2100
2000
1300
1900
1300
1700
2400
2200
2300
2100
2100
2300
2200
1600
2100
1600
2000
1500
1600
2300
2000
1500
2100
1900
2100
4700
1800
1900
2100
1500
2700
2100
2200
2300
2100
1700
2200
2200
2000
2200
2000