4500
3400
2900
2100
15800
2000
1800
2400
2400
13900
1400
2700
1500
1800
2400
2300
2300
2700
2200
2100
1800
2100
2500
2100
2000
1400
1300
2700
2100
2500
1600
1800
2500
1300
2100
2200
2200
2200
1800
2200
2300
2200
2100
2000
2400
2400
2100
2200
2300
1300
2000
2400
1800
1700
1800
2500
1600
2300
2000
2000
2000
1300
1800
1000
1600
1900
2100
2200
2100
2100
2100
1900
1700
1800
1500
1800
1300
1400
2000
1800
1500
2000
1600
2000
2300
1900
1800
2000
1600
2400
2000
2100
2000
1900
1800
2400
2100
1700
2200
2000