4400
3400
3100
1700
2400
2300
1900
2200
2300
1800
1500
15000
1500
2000
2500
2500
2100
2800
2300
2200
1800
2100
2300
2100
2100
1600
1300
2500
2000
2200
1500
1900
2400
1400
2200
1900
2000
2100
1900
2200
2200
2400
2300
1900
2300
2200
2100
2000
2200
1300
1900
2400
1800
1700
1800
2100
1700
2300
1800
2100
2000
1500
1700
1100
1600
2300
2100
2200
2000
2100
2300
1800
1500
2100
1500
1700
1300
1400
2300
1600
1400
2100
1700
2000
2200
1800
2000
2100
1500
2300
2000
2000
2000
2000
1700
2100
2000
1700
2400
2100