5400
3400
3300
1700
2400
2100
2200
2500
5600
1800
1500
3100
1600
1900
2500
2300
2400
2900
2200
2200
1800
16600
16300
2500
2400
1700
1500
2900
2300
2200
1600
2000
2600
1400
2200
2000
2100
2100
1700
2000
2500
2100
2000
2000
2400
2400
2100
2100
2200
1400
2100
2300
1800
1700
2200
2200
1500
2500
1700
1900
2000
1400
1800
1100
1500
2000
2200
2100
2000
2200
2400
1900
1500
2000
1700
1700
1200
1500
2200
2000
1400
2000
1700
2000
2200
1800
2100
2100
1400
2200
2000
1900
1900
2000
1700
2200
2000
1700
2400
2000