16400
1900
1900
1400
1300
1400
1500
1200
1400
1600
1200
1600
1500
1300
6400
1800
1500
1800
1700
1700
1700
1400
1200
1400
1500
1400
1500
1600
1200
1200
1600
14200
1900
11900
2600
1800
1700
1500
1600
1300
2200
2000
1700
2500
1500
1700
1900
114600
2100
1200
1900
1900
1500
2200
1300
2200
2600
1400
1500
1600
1700
1300
1700
1900
1600
1600
1900
2700
2000
2600
1400
1500
1700
1800
2700
1300
1500
1400
2100
1100
1500
1200
1900
1600
1600
1700
1500
1600
1500
1600
1900
2000
1600
1300
1500
1600
1300
1700
1400
1900