15800
1900
1800
1400
1300
1200
1300
1000
1400
1400
1100
1300
1400
1000
1400
1400
1200
1700
1200
1200
1000
1100
1400
1200
1200
1300
1100
1400
1300
1500
1100
1000
1200
1000
1900
1200
1100
1100
1100
1100
1200
1500
1100
1100
1200
1300
1100
1100
1100
1200
1100
1500
1000
1800
1900
1600
2200
1300
1200
1100
1300
1100
1700
1800
1400
1400
1400
2000
1100
2000
1200
1400
1600
1600
2200
1200
1200
900
1900
1200
1100
1100
1500
1300
1200
1200
1300
1400
1700
1500
1400
1500
1600
1400
1500
11500
11900
1900
1500
2000